0,489
0,488
0,487
0,486
0,485
59,5
59,4
59,3
59,2
0,484
59,1
59,0
0,483
0,482
0,481
58,3
58,2
0,480
58,1
58,0
0,479
0,478
0,477
0,476
57,5
57,4
57,3
57,2
57,1
57,0
0,475
0,474
56,3
56,2
56,1
56,0
0,473
0,472
0,471
0,470
0,469
0,468
0,467
0,466
0,465
55,5
55,4
55,3
55,2
55,1
55,0
54,5
54,4
54,3
54,2
54,1
54,0
53,5
53,4
53,3
53,2
53,1
53,0
52,3
52,2
52,1
52,0
51,3
51,2
51,1
51,0
50,3
50,2
50,1
50,0
49,4
49,3
49,2
49,1
49,0
0,464
48,4
48,3
48,2
48,1
48,0
0,463
0,462
0,461
0,460
0,459
0,458
0,457
0,456
0,455
0,454
47,5
47,4
47,3
47,2
47,1
47,0
46,5
46,4
46,3
46,2
46,1
46,0
45,5
45,4
45,3
45,2
0,453
45,1
45,0
0,452
0,451
0,450
44,3
44,2
0,449
44,1
44,0
0,448
0,447
0,446
0,445
0,444
43,4
43,3
43,2
0,443
43,1
43,0
0,442
0,441
0,440
42,4
